RADIX 1111 1111 1111 1111 1111 1111 1111 1111 1111 1111 11
VNAME IFM0_[3:0] IFM1_[3:0] IFM2_[3:0] IFM3_[3:0] INW0_[3:0] INW1_[3:0] INW2_[3:0] INW3_[3:0] out[9:6] out[5:2] out[1:0]
IO IIII IIII IIII IIII IIII IIII IIII IIII OOOO OOOO OO
tunit ns
slope  0.05
tdelay 0.0 
vih 0.7
vil 0

0  0100 0001 1111 0010 0101 1011 1110 0110    0011 1111 01
5  0101 1111 1101 0110 1101 1100 1111 1000    0111 1010 00
10 1010 1110 0110 1101 0110 1000 1010 1110    0110 0111 10
15 0111 0001 1000 1010 1010 0100 1111 1110    0101 0011 10
20 1011 1011 1011 1101 0100 1010 1110 1110    0111 1010 10
25 0110 0100 0110 0110 1000 0000 0011 0010    0001 0011 10
30 0000 1111 1101 0100 0000 0111 1010 0011    0011 1101 11
35 1001 1100 1100 0100 1010 1010 1111 0010    0110 0011 10
40 0100 0010 0110 1100 1010 1101 1111 1110    0101 0001 00
45 0001 1011 0001 1010 0110 0110 0000 0010    0001 0111 00
50 0101 1110 1111 0001 1001 1101 1111 0000    0111 0001 00
55 0111 1110 1001 0001 0111 0000 1111 1011    0011 0000 11
60 1000 0010 0111 0001 0111 0100 1001 1110    0010 0011 01
65 1011 1011 1101 1100 1011 1010 0110 1010    0110 1011 01
70 1000 1111 1100 1111 1110 0101 1110 0011    0110 0100 00
75 1101 0011 1001 0001 1100 0011 0111 1100    0011 1100 00
80 1101 1110 1101 0101 0001 1101 0111 0001    0100 1000 11
85 1101 0001 0101 0010 0101 0000 1001 0000    0001 1011 10
90 1000 1000 0000 1101 0101 1101 1110 1000    0011 1110 00
95 1011 1111 0011 0111 0001 1010 1010 1110    0100 1000 01