RADIX  1111   1111
VNAME  a[3:0] b[3:0]
IO     IIII   IIII
tunit  ps
slope  5
tdelay 0.0
vih    0.7
vil    0

0	0001 1111
200	0000 1000
400	0001 1111
600	0000 1001
800	0001 1111
1000	0000 1010
1200	0001 1111
1400	0000 1011
1600	0001 1111
1800	0000 1100
2000	0001 1111
2200	0000 1101
2400	0001 1111
2600	0000 1110
2800	0001 1111
3000	0000 1111
3200	0001 1111
3400	0010 1000
3600	0001 1111
3800	0010 1001
4000	0001 1111
4200	0010 1100
4400	0001 1111
4600	0010 1101
4800	0001 1111
5000	0100 1000
5200	0001 1111
5400	0100 1001
5600	0001 1111
5800	0100 1010
6000	0001 1111
6200	0100 1011
6400	0001 1111
6600	0110 1000
6800	0001 1111
7000	0110 1001
7200	0001 1111
7400	1000 0000
7600	0001 1111
7800	1000 0001
8000	0001 1111
8200	1000 0010
8400	0001 1111
8600	1000 0011
8800	0001 1111
9000	1000 0100
9200	0001 1111
9400	1000 0101
9600	0001 1111
9800	1000 0110
10000	0001 1111
10200	1000 0111
10400	0001 1111
10600	1010 0000
10800	0001 1111
11000	1010 0001
11200	0001 1111
11400	1010 0100
11600	0001 1111
11800	1010 0101
12000	0001 1111
12200	1100 0000
12400	0001 1111
12600	1100 0001
12800	0001 1111
13000	1100 0010
13200	0001 1111
13400	1100 0011
13600	0001 1111
13800	1110 0000
14000	0001 1111
14200	1110 0001
14400	0011 1101
14600	0000 1000
14800	0011 1101
15000	0000 1001
15200	0011 1101
15400	0000 1010
15600	0011 1101
15800	0000 1011
16000	0011 1101
16200	0000 1100
16400	0011 1101
16600	0000 1101
16800	0011 1101
17000	0000 1110
17200	0011 1101
17400	0000 1111
17600	0011 1101
17800	0010 1000
18000	0011 1101
18200	0010 1001
18400	0011 1101
18600	0010 1100
18800	0011 1101
19000	0010 1101
19200	0011 1101
19400	0100 1000
19600	0011 1101
19800	0100 1001
20000	0011 1101
20200	0100 1010
20400	0011 1101
20600	0100 1011
20800	0011 1101
21000	0110 1000
21200	0011 1101
21400	0110 1001
21600	0011 1101
21800	1000 0000
22000	0011 1101
22200	1000 0001
22400	0011 1101
22600	1000 0010
22800	0011 1101
23000	1000 0011
23200	0011 1101
23400	1000 0100
23600	0011 1101
23800	1000 0101
24000	0011 1101
24200	1000 0110
24400	0011 1101
24600	1000 0111
24800	0011 1101
25000	1010 0000
25200	0011 1101
25400	1010 0001
25600	0011 1101
25800	1010 0100
26000	0011 1101
26200	1010 0101
26400	0011 1101
26600	1100 0000
26800	0011 1101
27000	1100 0001
27200	0011 1101
27400	1100 0010
27600	0011 1101
27800	1100 0011
28000	0011 1101
28200	1110 0000
28400	0011 1101
28600	1110 0001
28800	0011 1111
29000	0000 1000
29200	0011 1111
29400	0000 1001
29600	0011 1111
29800	0000 1010
30000	0011 1111
30200	0000 1011
30400	0011 1111
30600	0000 1100
30800	0011 1111
31000	0000 1101
31200	0011 1111
31400	0000 1110
31600	0011 1111
31800	0000 1111
32000	0011 1111
32200	0010 1000
32400	0011 1111
32600	0010 1001
32800	0011 1111
33000	0010 1100
33200	0011 1111
33400	0010 1101
33600	0011 1111
33800	0100 1000
34000	0011 1111
34200	0100 1001
34400	0011 1111
34600	0100 1010
34800	0011 1111
35000	0100 1011
35200	0011 1111
35400	0110 1000
35600	0011 1111
35800	0110 1001
36000	0011 1111
36200	1000 0000
36400	0011 1111
36600	1000 0001
36800	0011 1111
37000	1000 0010
37200	0011 1111
37400	1000 0011
37600	0011 1111
37800	1000 0100
38000	0011 1111
38200	1000 0101
38400	0011 1111
38600	1000 0110
38800	0011 1111
39000	1000 0111
39200	0011 1111
39400	1010 0000
39600	0011 1111
39800	1010 0001
40000	0011 1111
40200	1010 0100
40400	0011 1111
40600	1010 0101
40800	0011 1111
41000	1100 0000
41200	0011 1111
41400	1100 0001
41600	0011 1111
41800	1100 0010
42000	0011 1111
42200	1100 0011
42400	0011 1111
42600	1110 0000
42800	0011 1111
43000	1110 0001
43200	0101 1011
43400	0000 1000
43600	0101 1011
43800	0000 1001
44000	0101 1011
44200	0000 1010
44400	0101 1011
44600	0000 1011
44800	0101 1011
45000	0000 1100
45200	0101 1011
45400	0000 1101
45600	0101 1011
45800	0000 1110
46000	0101 1011
46200	0000 1111
46400	0101 1011
46600	0010 1000
46800	0101 1011
47000	0010 1001
47200	0101 1011
47400	0010 1100
47600	0101 1011
47800	0010 1101
48000	0101 1011
48200	0100 1000
48400	0101 1011
48600	0100 1001
48800	0101 1011
49000	0100 1010
49200	0101 1011
49400	0100 1011
49600	0101 1011
49800	0110 1000
50000	0101 1011
50200	0110 1001
50400	0101 1011
50600	1000 0000
50800	0101 1011
51000	1000 0001
51200	0101 1011
51400	1000 0010
51600	0101 1011
51800	1000 0011
52000	0101 1011
52200	1000 0100
52400	0101 1011
52600	1000 0101
52800	0101 1011
53000	1000 0110
53200	0101 1011
53400	1000 0111
53600	0101 1011
53800	1010 0000
54000	0101 1011
54200	1010 0001
54400	0101 1011
54600	1010 0100
54800	0101 1011
55000	1010 0101
55200	0101 1011
55400	1100 0000
55600	0101 1011
55800	1100 0001
56000	0101 1011
56200	1100 0010
56400	0101 1011
56600	1100 0011
56800	0101 1011
57000	1110 0000
57200	0101 1011
57400	1110 0001
57600	0101 1111
57800	0000 1000
58000	0101 1111
58200	0000 1001
58400	0101 1111
58600	0000 1010
58800	0101 1111
59000	0000 1011
59200	0101 1111
59400	0000 1100
59600	0101 1111
59800	0000 1101
60000	0101 1111
60200	0000 1110
60400	0101 1111
60600	0000 1111
60800	0101 1111
61000	0010 1000
61200	0101 1111
61400	0010 1001
61600	0101 1111
61800	0010 1100
62000	0101 1111
62200	0010 1101
62400	0101 1111
62600	0100 1000
62800	0101 1111
63000	0100 1001
63200	0101 1111
63400	0100 1010
63600	0101 1111
63800	0100 1011
64000	0101 1111
64200	0110 1000
64400	0101 1111
64600	0110 1001
64800	0101 1111
65000	1000 0000
65200	0101 1111
65400	1000 0001
65600	0101 1111
65800	1000 0010
66000	0101 1111
66200	1000 0011
66400	0101 1111
66600	1000 0100
66800	0101 1111
67000	1000 0101
67200	0101 1111
67400	1000 0110
67600	0101 1111
67800	1000 0111
68000	0101 1111
68200	1010 0000
68400	0101 1111
68600	1010 0001
68800	0101 1111
69000	1010 0100
69200	0101 1111
69400	1010 0101
69600	0101 1111
69800	1100 0000
70000	0101 1111
70200	1100 0001
70400	0101 1111
70600	1100 0010
70800	0101 1111
71000	1100 0011
71200	0101 1111
71400	1110 0000
71600	0101 1111
71800	1110 0001
72000	0111 1001
72200	0000 1000
72400	0111 1001
72600	0000 1001
72800	0111 1001
73000	0000 1010
73200	0111 1001
73400	0000 1011
73600	0111 1001
73800	0000 1100
74000	0111 1001
74200	0000 1101
74400	0111 1001
74600	0000 1110
74800	0111 1001
75000	0000 1111
75200	0111 1001
75400	0010 1000
75600	0111 1001
75800	0010 1001
76000	0111 1001
76200	0010 1100
76400	0111 1001
76600	0010 1101
76800	0111 1001
77000	0100 1000
77200	0111 1001
77400	0100 1001
77600	0111 1001
77800	0100 1010
78000	0111 1001
78200	0100 1011
78400	0111 1001
78600	0110 1000
78800	0111 1001
79000	0110 1001
79200	0111 1001
79400	1000 0000
79600	0111 1001
79800	1000 0001
80000	0111 1001
80200	1000 0010
80400	0111 1001
80600	1000 0011
80800	0111 1001
81000	1000 0100
81200	0111 1001
81400	1000 0101
81600	0111 1001
81800	1000 0110
82000	0111 1001
82200	1000 0111
82400	0111 1001
82600	1010 0000
82800	0111 1001
83000	1010 0001
83200	0111 1001
83400	1010 0100
83600	0111 1001
83800	1010 0101
84000	0111 1001
84200	1100 0000
84400	0111 1001
84600	1100 0001
84800	0111 1001
85000	1100 0010
85200	0111 1001
85400	1100 0011
85600	0111 1001
85800	1110 0000
86000	0111 1001
86200	1110 0001
86400	0111 1011
86600	0000 1000
86800	0111 1011
87000	0000 1001
87200	0111 1011
87400	0000 1010
87600	0111 1011
87800	0000 1011
88000	0111 1011
88200	0000 1100
88400	0111 1011
88600	0000 1101
88800	0111 1011
89000	0000 1110
89200	0111 1011
89400	0000 1111
89600	0111 1011
89800	0010 1000
90000	0111 1011
90200	0010 1001
90400	0111 1011
90600	0010 1100
90800	0111 1011
91000	0010 1101
91200	0111 1011
91400	0100 1000
91600	0111 1011
91800	0100 1001
92000	0111 1011
92200	0100 1010
92400	0111 1011
92600	0100 1011
92800	0111 1011
93000	0110 1000
93200	0111 1011
93400	0110 1001
93600	0111 1011
93800	1000 0000
94000	0111 1011
94200	1000 0001
94400	0111 1011
94600	1000 0010
94800	0111 1011
95000	1000 0011
95200	0111 1011
95400	1000 0100
95600	0111 1011
95800	1000 0101
96000	0111 1011
96200	1000 0110
96400	0111 1011
96600	1000 0111
96800	0111 1011
97000	1010 0000
97200	0111 1011
97400	1010 0001
97600	0111 1011
97800	1010 0100
98000	0111 1011
98200	1010 0101
98400	0111 1011
98600	1100 0000
98800	0111 1011
99000	1100 0001
99200	0111 1011
99400	1100 0010
99600	0111 1011
99800	1100 0011
100000	0111 1011
100200	1110 0000
100400	0111 1011
100600	1110 0001
100800	0111 1101
101000	0000 1000
101200	0111 1101
101400	0000 1001
101600	0111 1101
101800	0000 1010
102000	0111 1101
102200	0000 1011
102400	0111 1101
102600	0000 1100
102800	0111 1101
103000	0000 1101
103200	0111 1101
103400	0000 1110
103600	0111 1101
103800	0000 1111
104000	0111 1101
104200	0010 1000
104400	0111 1101
104600	0010 1001
104800	0111 1101
105000	0010 1100
105200	0111 1101
105400	0010 1101
105600	0111 1101
105800	0100 1000
106000	0111 1101
106200	0100 1001
106400	0111 1101
106600	0100 1010
106800	0111 1101
107000	0100 1011
107200	0111 1101
107400	0110 1000
107600	0111 1101
107800	0110 1001
108000	0111 1101
108200	1000 0000
108400	0111 1101
108600	1000 0001
108800	0111 1101
109000	1000 0010
109200	0111 1101
109400	1000 0011
109600	0111 1101
109800	1000 0100
110000	0111 1101
110200	1000 0101
110400	0111 1101
110600	1000 0110
110800	0111 1101
111000	1000 0111
111200	0111 1101
111400	1010 0000
111600	0111 1101
111800	1010 0001
112000	0111 1101
112200	1010 0100
112400	0111 1101
112600	1010 0101
112800	0111 1101
113000	1100 0000
113200	0111 1101
113400	1100 0001
113600	0111 1101
113800	1100 0010
114000	0111 1101
114200	1100 0011
114400	0111 1101
114600	1110 0000
114800	0111 1101
115000	1110 0001
115200	0111 1111
115400	0000 1000
115600	0111 1111
115800	0000 1001
116000	0111 1111
116200	0000 1010
116400	0111 1111
116600	0000 1011
116800	0111 1111
117000	0000 1100
117200	0111 1111
117400	0000 1101
117600	0111 1111
117800	0000 1110
118000	0111 1111
118200	0000 1111
118400	0111 1111
118600	0010 1000
118800	0111 1111
119000	0010 1001
119200	0111 1111
119400	0010 1100
119600	0111 1111
119800	0010 1101
120000	0111 1111
120200	0100 1000
120400	0111 1111
120600	0100 1001
120800	0111 1111
121000	0100 1010
121200	0111 1111
121400	0100 1011
121600	0111 1111
121800	0110 1000
122000	0111 1111
122200	0110 1001
122400	0111 1111
122600	1000 0000
122800	0111 1111
123000	1000 0001
123200	0111 1111
123400	1000 0010
123600	0111 1111
123800	1000 0011
124000	0111 1111
124200	1000 0100
124400	0111 1111
124600	1000 0101
124800	0111 1111
125000	1000 0110
125200	0111 1111
125400	1000 0111
125600	0111 1111
125800	1010 0000
126000	0111 1111
126200	1010 0001
126400	0111 1111
126600	1010 0100
126800	0111 1111
127000	1010 0101
127200	0111 1111
127400	1100 0000
127600	0111 1111
127800	1100 0001
128000	0111 1111
128200	1100 0010
128400	0111 1111
128600	1100 0011
128800	0111 1111
129000	1110 0000
129200	0111 1111
129400	1110 0001
129600	1001 0111
129800	0000 1000
130000	1001 0111
130200	0000 1001
130400	1001 0111
130600	0000 1010
130800	1001 0111
131000	0000 1011
131200	1001 0111
131400	0000 1100
131600	1001 0111
131800	0000 1101
132000	1001 0111
132200	0000 1110
132400	1001 0111
132600	0000 1111
132800	1001 0111
133000	0010 1000
133200	1001 0111
133400	0010 1001
133600	1001 0111
133800	0010 1100
134000	1001 0111
134200	0010 1101
134400	1001 0111
134600	0100 1000
134800	1001 0111
135000	0100 1001
135200	1001 0111
135400	0100 1010
135600	1001 0111
135800	0100 1011
136000	1001 0111
136200	0110 1000
136400	1001 0111
136600	0110 1001
136800	1001 0111
137000	1000 0000
137200	1001 0111
137400	1000 0001
137600	1001 0111
137800	1000 0010
138000	1001 0111
138200	1000 0011
138400	1001 0111
138600	1000 0100
138800	1001 0111
139000	1000 0101
139200	1001 0111
139400	1000 0110
139600	1001 0111
139800	1000 0111
140000	1001 0111
140200	1010 0000
140400	1001 0111
140600	1010 0001
140800	1001 0111
141000	1010 0100
141200	1001 0111
141400	1010 0101
141600	1001 0111
141800	1100 0000
142000	1001 0111
142200	1100 0001
142400	1001 0111
142600	1100 0010
142800	1001 0111
143000	1100 0011
143200	1001 0111
143400	1110 0000
143600	1001 0111
143800	1110 0001
144000	1011 0101
144200	0000 1000
144400	1011 0101
144600	0000 1001
144800	1011 0101
145000	0000 1010
145200	1011 0101
145400	0000 1011
145600	1011 0101
145800	0000 1100
146000	1011 0101
146200	0000 1101
146400	1011 0101
146600	0000 1110
146800	1011 0101
147000	0000 1111
147200	1011 0101
147400	0010 1000
147600	1011 0101
147800	0010 1001
148000	1011 0101
148200	0010 1100
148400	1011 0101
148600	0010 1101
148800	1011 0101
149000	0100 1000
149200	1011 0101
149400	0100 1001
149600	1011 0101
149800	0100 1010
150000	1011 0101
150200	0100 1011
150400	1011 0101
150600	0110 1000
150800	1011 0101
151000	0110 1001
151200	1011 0101
151400	1000 0000
151600	1011 0101
151800	1000 0001
152000	1011 0101
152200	1000 0010
152400	1011 0101
152600	1000 0011
152800	1011 0101
153000	1000 0100
153200	1011 0101
153400	1000 0101
153600	1011 0101
153800	1000 0110
154000	1011 0101
154200	1000 0111
154400	1011 0101
154600	1010 0000
154800	1011 0101
155000	1010 0001
155200	1011 0101
155400	1010 0100
155600	1011 0101
155800	1010 0101
156000	1011 0101
156200	1100 0000
156400	1011 0101
156600	1100 0001
156800	1011 0101
157000	1100 0010
157200	1011 0101
157400	1100 0011
157600	1011 0101
157800	1110 0000
158000	1011 0101
158200	1110 0001
158400	1011 0111
158600	0000 1000
158800	1011 0111
159000	0000 1001
159200	1011 0111
159400	0000 1010
159600	1011 0111
159800	0000 1011
160000	1011 0111
160200	0000 1100
160400	1011 0111
160600	0000 1101
160800	1011 0111
161000	0000 1110
161200	1011 0111
161400	0000 1111
161600	1011 0111
161800	0010 1000
162000	1011 0111
162200	0010 1001
162400	1011 0111
162600	0010 1100
162800	1011 0111
163000	0010 1101
163200	1011 0111
163400	0100 1000
163600	1011 0111
163800	0100 1001
164000	1011 0111
164200	0100 1010
164400	1011 0111
164600	0100 1011
164800	1011 0111
165000	0110 1000
165200	1011 0111
165400	0110 1001
165600	1011 0111
165800	1000 0000
166000	1011 0111
166200	1000 0001
166400	1011 0111
166600	1000 0010
166800	1011 0111
167000	1000 0011
167200	1011 0111
167400	1000 0100
167600	1011 0111
167800	1000 0101
168000	1011 0111
168200	1000 0110
168400	1011 0111
168600	1000 0111
168800	1011 0111
169000	1010 0000
169200	1011 0111
169400	1010 0001
169600	1011 0111
169800	1010 0100
170000	1011 0111
170200	1010 0101
170400	1011 0111
170600	1100 0000
170800	1011 0111
171000	1100 0001
171200	1011 0111
171400	1100 0010
171600	1011 0111
171800	1100 0011
172000	1011 0111
172200	1110 0000
172400	1011 0111
172600	1110 0001
172800	1101 0011
173000	0000 1000
173200	1101 0011
173400	0000 1001
173600	1101 0011
173800	0000 1010
174000	1101 0011
174200	0000 1011
174400	1101 0011
174600	0000 1100
174800	1101 0011
175000	0000 1101
175200	1101 0011
175400	0000 1110
175600	1101 0011
175800	0000 1111
176000	1101 0011
176200	0010 1000
176400	1101 0011
176600	0010 1001
176800	1101 0011
177000	0010 1100
177200	1101 0011
177400	0010 1101
177600	1101 0011
177800	0100 1000
178000	1101 0011
178200	0100 1001
178400	1101 0011
178600	0100 1010
178800	1101 0011
179000	0100 1011
179200	1101 0011
179400	0110 1000
179600	1101 0011
179800	0110 1001
180000	1101 0011
180200	1000 0000
180400	1101 0011
180600	1000 0001
180800	1101 0011
181000	1000 0010
181200	1101 0011
181400	1000 0011
181600	1101 0011
181800	1000 0100
182000	1101 0011
182200	1000 0101
182400	1101 0011
182600	1000 0110
182800	1101 0011
183000	1000 0111
183200	1101 0011
183400	1010 0000
183600	1101 0011
183800	1010 0001
184000	1101 0011
184200	1010 0100
184400	1101 0011
184600	1010 0101
184800	1101 0011
185000	1100 0000
185200	1101 0011
185400	1100 0001
185600	1101 0011
185800	1100 0010
186000	1101 0011
186200	1100 0011
186400	1101 0011
186600	1110 0000
186800	1101 0011
187000	1110 0001
187200	1101 0111
187400	0000 1000
187600	1101 0111
187800	0000 1001
188000	1101 0111
188200	0000 1010
188400	1101 0111
188600	0000 1011
188800	1101 0111
189000	0000 1100
189200	1101 0111
189400	0000 1101
189600	1101 0111
189800	0000 1110
190000	1101 0111
190200	0000 1111
190400	1101 0111
190600	0010 1000
190800	1101 0111
191000	0010 1001
191200	1101 0111
191400	0010 1100
191600	1101 0111
191800	0010 1101
192000	1101 0111
192200	0100 1000
192400	1101 0111
192600	0100 1001
192800	1101 0111
193000	0100 1010
193200	1101 0111
193400	0100 1011
193600	1101 0111
193800	0110 1000
194000	1101 0111
194200	0110 1001
194400	1101 0111
194600	1000 0000
194800	1101 0111
195000	1000 0001
195200	1101 0111
195400	1000 0010
195600	1101 0111
195800	1000 0011
196000	1101 0111
196200	1000 0100
196400	1101 0111
196600	1000 0101
196800	1101 0111
197000	1000 0110
197200	1101 0111
197400	1000 0111
197600	1101 0111
197800	1010 0000
198000	1101 0111
198200	1010 0001
198400	1101 0111
198600	1010 0100
198800	1101 0111
199000	1010 0101
199200	1101 0111
199400	1100 0000
199600	1101 0111
199800	1100 0001
200000	1101 0111
200200	1100 0010
200400	1101 0111
200600	1100 0011
200800	1101 0111
201000	1110 0000
201200	1101 0111
201400	1110 0001
201600	1111 0001
201800	0000 1000
202000	1111 0001
202200	0000 1001
202400	1111 0001
202600	0000 1010
202800	1111 0001
203000	0000 1011
203200	1111 0001
203400	0000 1100
203600	1111 0001
203800	0000 1101
204000	1111 0001
204200	0000 1110
204400	1111 0001
204600	0000 1111
204800	1111 0001
205000	0010 1000
205200	1111 0001
205400	0010 1001
205600	1111 0001
205800	0010 1100
206000	1111 0001
206200	0010 1101
206400	1111 0001
206600	0100 1000
206800	1111 0001
207000	0100 1001
207200	1111 0001
207400	0100 1010
207600	1111 0001
207800	0100 1011
208000	1111 0001
208200	0110 1000
208400	1111 0001
208600	0110 1001
208800	1111 0001
209000	1000 0000
209200	1111 0001
209400	1000 0001
209600	1111 0001
209800	1000 0010
210000	1111 0001
210200	1000 0011
210400	1111 0001
210600	1000 0100
210800	1111 0001
211000	1000 0101
211200	1111 0001
211400	1000 0110
211600	1111 0001
211800	1000 0111
212000	1111 0001
212200	1010 0000
212400	1111 0001
212600	1010 0001
212800	1111 0001
213000	1010 0100
213200	1111 0001
213400	1010 0101
213600	1111 0001
213800	1100 0000
214000	1111 0001
214200	1100 0001
214400	1111 0001
214600	1100 0010
214800	1111 0001
215000	1100 0011
215200	1111 0001
215400	1110 0000
215600	1111 0001
215800	1110 0001
216000	1111 0011
216200	0000 1000
216400	1111 0011
216600	0000 1001
216800	1111 0011
217000	0000 1010
217200	1111 0011
217400	0000 1011
217600	1111 0011
217800	0000 1100
218000	1111 0011
218200	0000 1101
218400	1111 0011
218600	0000 1110
218800	1111 0011
219000	0000 1111
219200	1111 0011
219400	0010 1000
219600	1111 0011
219800	0010 1001
220000	1111 0011
220200	0010 1100
220400	1111 0011
220600	0010 1101
220800	1111 0011
221000	0100 1000
221200	1111 0011
221400	0100 1001
221600	1111 0011
221800	0100 1010
222000	1111 0011
222200	0100 1011
222400	1111 0011
222600	0110 1000
222800	1111 0011
223000	0110 1001
223200	1111 0011
223400	1000 0000
223600	1111 0011
223800	1000 0001
224000	1111 0011
224200	1000 0010
224400	1111 0011
224600	1000 0011
224800	1111 0011
225000	1000 0100
225200	1111 0011
225400	1000 0101
225600	1111 0011
225800	1000 0110
226000	1111 0011
226200	1000 0111
226400	1111 0011
226600	1010 0000
226800	1111 0011
227000	1010 0001
227200	1111 0011
227400	1010 0100
227600	1111 0011
227800	1010 0101
228000	1111 0011
228200	1100 0000
228400	1111 0011
228600	1100 0001
228800	1111 0011
229000	1100 0010
229200	1111 0011
229400	1100 0011
229600	1111 0011
229800	1110 0000
230000	1111 0011
230200	1110 0001
230400	1111 0101
230600	0000 1000
230800	1111 0101
231000	0000 1001
231200	1111 0101
231400	0000 1010
231600	1111 0101
231800	0000 1011
232000	1111 0101
232200	0000 1100
232400	1111 0101
232600	0000 1101
232800	1111 0101
233000	0000 1110
233200	1111 0101
233400	0000 1111
233600	1111 0101
233800	0010 1000
234000	1111 0101
234200	0010 1001
234400	1111 0101
234600	0010 1100
234800	1111 0101
235000	0010 1101
235200	1111 0101
235400	0100 1000
235600	1111 0101
235800	0100 1001
236000	1111 0101
236200	0100 1010
236400	1111 0101
236600	0100 1011
236800	1111 0101
237000	0110 1000
237200	1111 0101
237400	0110 1001
237600	1111 0101
237800	1000 0000
238000	1111 0101
238200	1000 0001
238400	1111 0101
238600	1000 0010
238800	1111 0101
239000	1000 0011
239200	1111 0101
239400	1000 0100
239600	1111 0101
239800	1000 0101
240000	1111 0101
240200	1000 0110
240400	1111 0101
240600	1000 0111
240800	1111 0101
241000	1010 0000
241200	1111 0101
241400	1010 0001
241600	1111 0101
241800	1010 0100
242000	1111 0101
242200	1010 0101
242400	1111 0101
242600	1100 0000
242800	1111 0101
243000	1100 0001
243200	1111 0101
243400	1100 0010
243600	1111 0101
243800	1100 0011
244000	1111 0101
244200	1110 0000
244400	1111 0101
244600	1110 0001
244800	1111 0111
245000	0000 1000
245200	1111 0111
245400	0000 1001
245600	1111 0111
245800	0000 1010
246000	1111 0111
246200	0000 1011
246400	1111 0111
246600	0000 1100
246800	1111 0111
247000	0000 1101
247200	1111 0111
247400	0000 1110
247600	1111 0111
247800	0000 1111
248000	1111 0111
248200	0010 1000
248400	1111 0111
248600	0010 1001
248800	1111 0111
249000	0010 1100
249200	1111 0111
249400	0010 1101
249600	1111 0111
249800	0100 1000
250000	1111 0111
250200	0100 1001
250400	1111 0111
250600	0100 1010
250800	1111 0111
251000	0100 1011
251200	1111 0111
251400	0110 1000
251600	1111 0111
251800	0110 1001
252000	1111 0111
252200	1000 0000
252400	1111 0111
252600	1000 0001
252800	1111 0111
253000	1000 0010
253200	1111 0111
253400	1000 0011
253600	1111 0111
253800	1000 0100
254000	1111 0111
254200	1000 0101
254400	1111 0111
254600	1000 0110
254800	1111 0111
255000	1000 0111
255200	1111 0111
255400	1010 0000
255600	1111 0111
255800	1010 0001
256000	1111 0111
256200	1010 0100
256400	1111 0111
256600	1010 0101
256800	1111 0111
257000	1100 0000
257200	1111 0111
257400	1100 0001
257600	1111 0111
257800	1100 0010
258000	1111 0111
258200	1100 0011
258400	1111 0111
258600	1110 0000
258800	1111 0111
259000	1110 0001

