RADIX  1111   		 1111   	   1111          1111          1111             1111             1111             1111                    
VNAME  In_IFM_1[3:0] In_IFM_2[3:0] In_IFM_3[3:0] In_IFM_4[3:0] In_Weight_1[3:0] In_Weight_2[3:0] In_Weight_3[3:0] In_Weight_4[3:0] 
IO     IIII          IIII          IIII          IIII          IIII             IIII             IIII             IIII
tunit  ps
slope  0.05
tdelay 2.5
vih    0.7
vil    0

0	  0000 0000 0000 0000 0000 0000 0000 0000
700   1000 1000 1000 1000 1000 1000 1000 1000
1400  0011 0011 0011 0011 0011 0011 0011 0011
2100  1001 1001 1001 1001 1001 1001 1001 1001
2800  0010 0010 0010 0010 0010 0010 0010 0010
3500  0010 0011 0100 0101 0110 0111 1000 1001
4200  1010 1011 1100 1101 1110 1111 1000 1001
4900  1011 1011 1011 1011 1011 1011 1011 1011
5600  1001 1000 0111 0110 0101 0100 0011 0010
6300  1111 1001 1111 1001 1111 1001 1111 1001
7000  0110 0110 1001 1001 1001 1001 0110 0110
